92357
48564
54211
62040
5784
3621
77534
39607
80773
43733
96622
81079
54036
50202
58779
4626
29337
22173
69009
98138
32253
14277
51198
27963
87517
65722
55898
26084
32048
38979
98812
99354
89945
21254
64811
25367
40396
40100
95580
86679
49442
54863
98420
97086
49535
92151
57603
1151
57200
64255
9808
38187
93881
3692
82305
15247
27289
5848
54058
35529
21535
86873
98124
74453
70343
18134
30761
37725
65455
40981
28374
77865
63386
5660
3137
15059
94099
40658
52360
88713
25062
26171
4791
57286
75138
48566
30926
2890
99432
55329
86532
5746
73834
64318
85225
8620
37145
28079
20499
93756
81815
1719
58758
69421
21241
49435
88075
18856
54779
41498
93212
56385
46136
32631
84767
63815
74358
72223
51462
57064
61410
93702
8709
34275
98500
64070
3860
36719
55766
97142
12612
75421
46062
99974
25656
12828
82524
56523
55012
94053
29802
73822
74926
30775
9530
23674
92063
84396
70011
65474
15312
23662
74012
77293
89128
23424
43962
21204
44780
18133
24945
50543
78299
60188
31319
79702
25600
82825
93264
93466
3459
96144
62262
70020
2977
59050
13569
17046
81746
25781
93473
6349
4066
19510
44148
31162
24789
40498
19287
8345
91020
48948
56009
5527
21793
69988
5832
24534
83033
10040
80534
58179
71343
2463
62331
74182
68023
41848
57144
49442
86955
93127
66970
47345
84308
15496
42308
3223
67342
85404
25237
94109
98394
90477
63626
92332
20568
48516
88617
27021
3711
12401
1608
69208
3471
25628
26435
20759
78424
79674
10743
90461
75575
27900
82627
72719
49127
50935
95257
44755
983
10122
46763
82071
82753
75398
38701
43146
73454
82320
72682
36482
47409
78012
31951
60782
59653
43472
42352
32141
52602
30400
52934
95376
31692
51734
74009
31590
60718
2661
23324
89376
24719
85392
21440
52618
8506
16375
5107
44100
95933
10968
2532
1766
49875
97739
32151
63932
54699
60885
93338
3403
82074
88331
44842
52952
90068
91376
86083
24072
98758
30194
48408
97162
10255
81625
99598
68154
7372
39272
45484
38844
83290
60524
93478
69257
7865
15495
33315
84695
14853
91478
82258
54082
76567
14722
13350
96214
24086
11714
71660
18807
95152
4923
47234
18799
41016
50488
47301
92661
17051
16462
10612
1171
16201
92144
73108
48123
53051
8951
54832
84474
34908
8081
7283
72310
44275
17437
21081
51173
52996
1307
88856
83891
26182
90240
58529
67856
66245
20261
72863
93025
1297
60944
26244
45158
25727
76687
69676
21885
74642
38131
46012
89047
56623
89094
45988
34489
78262
75322
62898
70431
74517
81584
8982
65259
21027
46710
32235
85426
90696
1029
18340
51766
59166
87810
1397
34267
36848
14667
71443
41872
24594
32450
71940
5411
61079
27673
17387
610
1103
55787
16057
64059
27283
79674
56929
80656
98988
16789
20054
90983
81551
51710
84806
44986
41781
86827
52761
90543
90524
66234
53528
82303
25962
1346
24099
16457
17787
13495
5768
99471
29407
164
68490
35251
89236
98815
88793
85446
17872
83599
78172
99343
96182
70707
58384
58561
55892
70676
70225
44516
5329
84174
97440
23896
78650
86630
99932
43581
40372
34672
1578
60652
64240
91606
38773
27263
13575
75730
55245
13420
26078
61080
23197
82054
65478
45514
56996
50650
18701
34138
50928
70010
70936
26556
10097
40066
88637
7627
56937
74888
44886
78582
79138
78738
8669
24664
98231
41880
73144
75163
73266
14479
72798
28755
99540
72452
58467
47811
46850
11710
25268
13191
73746
59778
79520
60994
34008
92666
52072
92489
53929
30603
80904
70259
63117
85055
23210
20896
10510
19794
25664
69262
23277
71265
14563
49731
1330
73651
4138
83705
1202
45906
99601
5759
51402
86762
88136
87954
80589
92918
76746
30706
42317
24431
1225
33675
16683
63186
53161
64100
9461
8736
71896
4953
65762
45960
9539
4200
68199
92347
46217
45001
9743
79066
16980
5544
5462
84092
36544
87013
90745
62913
59498
70233
79703
67411
11374
28960
98985
7965
32105
48175
30973
8748
49033
76770
52298
95715
88957
30458
98690
39635
30329
24298
12099
74921
25839
15139
31472
27973
97228
35465
64887
26355
43015
71394
73072
8787
56823
97373
20733
1350
70471
37459
76224
70015
53971
9108
95148
27334
98781
38092
31283
58357
46553
851
20516
66566
85514
82775
47843
95318
49553
4307
35899
71155
34238
98847
4108
96557
68554
29771
66675
45662
4462
74535
63869
69392
10780
75094
35957
43262
73174
70834
76890
96247
7651
32260
36720
92935
55905
13990
65220
15303
10431
13141
42306
52843
79838
43923
62145
52372
10485
79668
35252
13796
65527
34911
26717
51311
51992
19266
65103
72834
65187
91294
46816
32770
91116
53421
67207
50182
96847
32619
88419
35661
79610
30519
76734
78621
63480
49489
99026
48749
46584
69210
30630
96273
42439
45979
77685
473
42976
56555
48541
35345
41826
47050
94452
8736
17165
9895
15403
90521
28332
59322
86668
32311
18739
77759
47715
37849
32863
3133
96175
9185
55431
3994
54777
96965
17964
45366
10163
94950
96066
36524
39895
82859
87310
47423
37671
61246
94901
54051
24153
87082
77902
79476
29165
3955
75998
46849
73463
44761
95631
2991
50749
35100
88239
57883
36910
46091
25633
4493
31048
15802
68913
73358
97533
70062
51843
39962
77447
44645
5971
2658
47695
67515
98110
76409
84251
59642
94114
81512
89660
84553
94556
91660
81910
99763
82670
12806
9912
27506
14419
63834
99956
28700
8384
70108
33598
79043
2577
14185
6907
81924
39309
55747
34793
772
4543
71534
93525
44694
14226
67971
73973
92268
37298
81920
56699
16222
81182
53624
73426
73068
43394
47061
65660
30354
2069
43339
56394
31329
80980
18083
7307
35142
26355
90681
96102
44309
18049
22264
12223
1098
61063
7360
91665
32741
37192
6659
84462
11655
31511
54324
85826
77202
4163
29627
16691
11977
94270
56034
48610
1884
50993
71478
93721
27844
27451
20857
926
96195
1108
83526
52729
98808
71242
64745
8380
91708
23841
28299
21442
54587
87652
58636
8929
28544
77812
5174
68063
22581
24872
52048
2847
79960
16397
54200
99137
85536
95782
16151
50213
16794
135
64053
94466
44429
43437
44750
40599
98674
18185
49832
14258
42797
57322
24225
86883
99449
68662
43941
71016
12285
40667
65963
74869
64431
22712
184
67919
19309
82815
50327
24894
12012
50916
21703
93953
12698
3008
47479
32690
75471
23558
88140
13952
98902
26970
53203
51970
96736
46252
43761
25321
53132
1004
69839
38859
88743
34135
42384
22226
34187
17123
6227
72320
99106
3241
30772
80586
54690
26976
73427
89780
52811
14033
37771
71491
29066
30007
91073
85978
97060
58510
81737
29768
67610
54390
9431
83692
39291
35635
30789
3250
4780
44838
15809
22908
64295
87887
45111
57713
16318
97767
34504
99627
96265
14840
80371
36041
59637
35452
25323
81183
85464
11952
28817
19306
48996
14643
56408
59849
61558
37263
49389
2627
66405
9847
87016
83912
78918
98428
1663
38609
74799
6911
79743
72528
54917
12720
79337
18225
25055
72686
13512
33850
94959
72143
2717
3202
93628
65144
41629
81058
39537
2019
10639
33833
66987
53296
74012
36903
42720
56164
4550
14474
50104
67705
19655
88263
88549
64509
61348
73805
11202
50753
92491
95434
80726
83883
58331
74284
26487
60414
14487
27699
8447
29780
62353
71068
53317
67314
70871
47197
85412
62797
53821
47881
28300
58473
91280
34754
60620
4632
19293
66702
52240
60696
6723
1713
4631
55922
1275
17325
61252
44301
70916
5780
44713
8888
81309
43373
66091
95565
17556
95017
9719
95278
91866
97560
68178
42410
26667
9977
24615
52904
22778
22487
11406
44811
199
1333
21217
31061
6524
87092
53975
83160
72638
2067
93413
11523
46769
64407
7454
53318
59665
77967
38581
26837
38817
25783
56240
75077
59869
90973
42529
43696
63083
66773
26892
2265
72287
16455
33470
4502
51920
52644
57414
1761
34789
20290
32445
2562
26289
6275
69145
20692
89174
63733
57343
92284
83176
39044
96021
86650
90243
15233
33398
79555
56923
98395
30903
34870
57514
56220
28556
10982
76116
5421
41653
63993
31726
37682
80330
36525
28581
94554
95202
75694
62618
22713
71278
62332
54529
35303
54499
69163
16465
37358
46082
51685
23678
9185
21597
64451
77545
15316
24848
69852
91618
70715
19118
11637
51934
74865
67648
24346
28879
91129
54864
52091
9338
26292
3016
75761
64865
6869
9993
91918
42506
44327
24031
85668
55306
18507
83182
40981
72211
28329
99305
78117
39878
23274
80626
58952
6934
78337
98347
61469
24604
10383
69684
13142
13219
9453
21026
46753
4304
66682
86930
45699
7011
27391
18765
71495
14439
22605
29072
84066
33366
53024
12072
21129
68096
81863
85029
37973
51231
42145
82848
35776
67172
69828
73905
58735
49023
2175
44967
11451
12515
69332
2688
357
66726
13345
74065
82702
96718
42079
22758
66036
59452
16034
18654
40622
84883
93702
59247
17604
96484
84728
5749
48441
80334
66244
89560
61211
66652
35404
619
64308
94338
89786
62330
83864
51809
10027
73500
68703
24614
36070
84631
66438
84103
14478
59522
42500
62231
86514
12613
48189
22464
70197
24923
90443
83836
10655
73388
89722
96961
6355
54491
12271
80736
7799
41343
78863
94293
4609
40711
52327
14327
78705
51671
86305
28185
91481
3670
22796
56553
88335
32137
61516
7369
59403
95974
29055
15946
8541
94851
18285
89866
39559
8763
1609
64877
5994
28714
79979
53701
89180
94585
54264
41273
90186
83970
15785
33439
59244
57254
25307
89470
57941
8254
22838
97200
4528
19257
41086
33499
33046
25176
11968
32717
42013
33997
79191
44842
25726
50935
83267
83441
21321
39341
12330
2604
82870
25098
6210
94855
35832
3533
59733
86697
73580
12361
52147
39391
94267
40464
34279
1830
67645
46081
1797
32418
93100
70063
60067
69996
27306
39273
74319
91887
24278
82853
73763
6039
22909
64757
97359
21533
43766
23551
49554
12831
92240
8865
93924
4823
68709
63212
29786
45976
40920
20988
27819
22507
43797
92219
29846
63472
69353
95228
94732
17698
11973
96587
20469
28850
57812
36795
10899
62867
26842
82736
31905
8045
23975
19415
39392
91773
61861
51130
13842
63281
45869
32376
12216
8033
94502
61541
47269
49394
73841
28979
83226
24007
58487
5557
14039
69957
28369
71380
3509
21505
5974
7029
99637
18158
63753
3553
3430
17454
97218
47879
42343
42739
56861
67826
79228
72581
61367
52674
470
76491
24932
63310
81345
7543
56611
10265
57736
57186
17072
8599
23308
95824
4974
65568
95548
54522
53181
24620
3794
26880
5670
28590
70915
93320
21520
66150
36108
3282
99822
88997
21642
23846
9077
36503
86954
56507
51545
45134
50904
46239
13665
47661
26358
72351
64551
24362
5961
8364
37765
3332
15942
12293
53539
41243
55677
47137
44163
25888
13404
93454
56517
87405
66329
15772
96544
36611
66892
37877
46754
62329
37788
3756
73971
56367
90253
86341
23150
38165
38651
17097
99293
87276
53826
83050
94818
20333
25684
11416
68518
77330
20558
31042
36573
55131
81859
31044
71954
10094
71807
21303
18487
13419
31121
94890
10861
67206
76534
17516
56735
80561
2893
10940
12667
16572
68262
72425
54299
26286
58973
98909
48644
25880
76538
13408
27429
75318
26499
5649
54311
2369
52900
24502
69921
66990
85394
45057
69677
86414
51670
63161
56389
16395
34245
76032
630
88606
15850
91719
42202
58703
4196
32217
41061
87200
15826
26270
62549
81043
21286
92859
98677
27938
67066
54170
34376
38901
31805
26973
26955
94238
41886
80087
49863
61593
45344
85287
3
4828
29685
79165
54253
89734
94483
29912
46679
18218
16147
86067
28078
70002
19197
46030
97079
77429
76497
24055
47569
24265
59196
19836
44326
79791
11336
21544
33599
2244
41893
18918
94332
94813
69197
54548
74080
35700
14543
33039
48129
10611
20142
38362
21688
51878
46345
51494
7312
98678
98321
49396
43984
71064
19719
6828
83255
20441
75658
25497
16584
55573
29345
98252
99356
7786
38905
24268
62540
26928
7192
64371
13097
4528
46198
62549
3129
10186
85027
86712
91213
42782
8990
66702
67167
22972
88867
33573
71480
8341
96216
43651
59734
22594
18064
90658
8638
39140
39167
28670
48733
48708
9587
57535
27283
7880
35581
81190
85713
3487
57433
13641
10761
78853
32441
9870
79862
33002
34735
96780
73627
42100
77482
88675
93339
8710
38360
45511
37396
96384
22318
56063
74385
53809
29633
62785
99560
59400
69193
20932
64909
87407
35411
29986
98833
75420
93467
50213
37959
2228
37576
79313
14160
4413
26725
45527
2725
74616
45808
66871
86509
25523
29044
25571
11011
51865
90789
45974
16633
73104
62056
63523
2874
17102
95095
67830
31328
97899
61797
78879
36992
27033
70446
90979
63946
53486
21018
84518
13535
12925
87954
93393
49321
16257
7455
16100
55940
46770
21598
71649
9099
93414
71168
47392
63279
73775
97691
75867
68861
65184
55097
13491
66496
3254
80142
15896
21765
49206
203
78065
93572
65098
87112
34758
96290
84953
91943
66503
41219
77073
51863
66717
71651
89425
38204
88246
25519
82308
49624
76096
16948
97090
14521
43477
64620
12848
38847
57545
71334
19615
61503
43180
40985
44899
99165
61654
96553
81017
10523
82283
52472
26456
93816
77403
4112
31579
29779
21694
39581
50978
95000
70642
2544
41611
66568
58223
71426
38413
98071
17568
58634
72478
19155
15579
42603
24204
22209
61876
5865
32016
24127
70789
82424
75333
15856
6973
98998
64031
38599
86962
95259
25910
36774
39918
5779
8319
66272
82262
12925
7264
63825
53071
49026
63180
52193
76794
86129
14316
92286
41229
80833
8059
46631
25696
33180
43017
1929
98526
88033
91912
23986
10324
83965
56600
53124
1424
38574
53706
11661
92330
46398
81688
15463
62114
16734
91122
59895
98940
38869
43818
18534
57374
38908
77354
37018
56932
44698
47324
32313
98753
90715
93370
93706
89879
15953
37427
36546
27190
93821
88274
24324
787
34157
3192
13361
68334
65920
12102
32356
87455
3488
40866
37033
21844
59849
55496
48179
14857
89933
31531
3488
32111
62647
84650
59608
30874
24238
82973
48358
65303
11380
25264
83422
48058
32506
33111
87958
51437
53977
48660
55206
61061
18421
18035
22279
37606
60869
75401
1625
60309
88004
39321
88322
72890
19743
54175
92702
26773
28882
10160
81462
98249
43905
74283
84682
50469
71322
72006
81102
30771
39547
23360
75182
93332
46909
41291
8688
88994
96639
66752
33524
60519
73079
3769
6392
36493
42277
3346
3303
60799
3152
65196
4671
65102
20591
53176
49998
20352
98936
72062
12695
87365
21267
85389
78772
68533
20122
99693
56653
96477
86983
63735
52755
92213
27165
77661
28520
58805
22442
56187
6925
74179
56209
76317
32260
26565
60841
63564
71127
90550
75128
75912
75134
93749
36402
68015
79046
98425
13797
32836
52633
44034
38769
12225
73763
20899
54829
36764
27423
2480
41920
12402
81309
23202
79983
74031
68104
79822
75605
86160
87909
86777
17382
19421
710
89882
83479
98694
31682
82328
50950
84837
72520
59425
37381
75863
56625
15114
81581
17173
9837
41456
99569
9550
31275
36964
9980
69650
75092
70444
48271
66817
71220
13997
5326
84328
73130
82468
79885
97883
88852
89293
55186
24389
68141
15097
75684
87988
14669
18193
80442
50338
21832
77197
13662
39818
39059
37578
31703
62854
84188
32273
34328
18566
25074
52799
78560
37466
69209
19747
31700
21755
3514
66477
33966
86527
29014
65160
54863
65920
96518
71176
96147
50684
33076
89263
14837
84788
88373
41835
19442
20533
32768
78495
76163
81408
37383
15534
48304
59042
68406
8595
25642
3245
79657
61759
95907
51167
68456
78373
65889
94480
29228
36133
74393
87417
22876
15376
47085
47317
13491
42224
24725
57037
64172
1177
27823
49093
40955
44046
3286
74905
43287
41173
94683
39305
14805
63530
1611
36338
75525
60253
94443
28493
12918
68430
10309
63714
57121
32255
48452
82412
44319
67539
74725
3012
32673
79844
54638
82657
30565
39986
57238
90961
50561
30037
99648
62288
89915
87181
59866
49189
13259
40251
33316
86409
52271
6867
29852
72689
10235
11041
42126
2829
78212
86591
86461
52352
97311
33482
49586
81229
88233
1428
21021
27781
47530
34567
46694
86351
52687
79497
6231
71676
93256
84309
79425
1405
84323
43446
94044
96491
81291
75517
94884
48716
14184
34020
45543
92473
66332
91932
76563
75878
48912
83686
83764
18109
16386
17691
39701
75269
41612
27720
96092
42727
46187
75245
77218
28095
36184
28471
24100
16570
25584
52902
76639
12215
61204
28593
82043
44331
96348
63215
97367
6747
39943
92164
70087
54652
57158
51218
12694
50114
28944
69614
86936
54466
45900
95
20497
94366
57673
99560
38802
94914
51804
74629
68511
2306
75640
88901
73288
95218
16854
39246
24356
32319
52275
52558
93271
55728
76689
4445
88243
59592
28291
50129
31192
3507
27233
34021
12875
12493
10452
84913
58878
28388
28760
7356
32243
94931
62902
86789
16801
81744
98503
60826
70198
25309
48133
93097
66157
22056
91061
467
53923
17331
51818
67939
96164
33083
15878
94244
48030
60212
7299
91400
4398
26663
77479
16291
89268
5370
79279
53309
50038
5456
11138
31065
31380
98448
16649
66314
83616
48280
27319
55278
62987
89524
35594
18665
38503
7925
8178
45982
5549
37948
98640
71792
50774
62868
50454
60288
45527
43889
95325
57234
68982
39690
91112
55831
49660
58788
14660
81315
4588
7144
58830
45223
86364
88853
7971
21986
24165
26435
50062
63089
82128
19960
26600
39500
47958
22938
74027
38039
83480
44196
21758
77738
2908
74251
81317
26871
48242
63262
3016
17638
47355
80564
91875
84895
69777
23428
61647
78348
92163
5597
25059
97033
7005
65601
66515
75288
88059
80462
85423
79609
39457
37038
82365
5004
30087
94753
16323
11133
49933
18911
7863
66182
40363
80764
78481
91834
71375
56830
3305
23960
55625
45146
89709
903
63281
77045
41992
28979
39889
38436
19547
38229
40697
67736
16734
17832
60779
62301
76210
39162
37052
229
61276
96540
88468
1310
56906
14187
78311
76434
11261
79832
22567
25877
91416
32685
83324
86298
61311
47461
94910
99121
96924
77368
77566
42528
69232
19606
34393
53325
63015
21794
50455
59119
40844
94403
51929
95886
11330
66311
41551
16696
79545
72587
61058
8829
57566
19599
40936
43380
30843
22474
46945
18277
86329
54192
47374
95832
58619
11960
47666
56417
40639
28900
23718
32237
93552
93778
79866
74522
73940
14870
23485
25230
19583
32578
37810
18682
30269
18823
38070
28229
45928
28188
95249
45622
57210
78462
32436
47097
24353
82061
11278
25636
39930
23145
26735
20955
14831
98149
54669
91634
71299
27052
61829
58512
3300
79789
24688
63546
90297
86824
76912
56758
46899
10420
92797
56372
54861
94109
28636
3865
28077
87563
48575
10015
84755
78649
13559
58845
93385
62921
7756
90659
86434
96969
48415
11453
65315
8293
48913
70318
57510
29383
29831
2980
93404
579
3248
58243
46977
86417
4665
14715
65684
23186
74686
86572
72348
49659
69895
54320
41603
35581
20673
96065
45116
96450
38078
5465
77168
22573
73041
27577
63868
6611
70615
14861
79536
34673
63226
46456
11776
37628
38356
9543
73214
17860
3704
7691
21000
69841
11495
35554
85987
77842
47447
14623
49946
64970
38377
2282
76507
35980
65451
21537
77145
80710
52409
15193
92259
95985
370
4146
35327
12336
871
22572
63306
79800
71963
46379
28207
15894
55464
6959
21919
84543
31090
90181
99542
40972
97518
26455
83585
82062
41504
74807
65535
81812
58457
76106
91766
35304
72111
19499
97698
2857
33381
30435
3155
83470
58807
68294
4836
53703
59238
40800
17904
75933
65569
46287
10862
62464
81995
55990
32730
60281
37
37248
81711
24597
20134
84270
90350
11378
886
96662
95847
31793
6514
23639
97975
831
16746
34216
82066
19926
98967
21638
9452
70172
4682
46649
31020
6299
9924
69759
76877
64277
22904
71526
19422
28108
60606
86646
63834
2834
2991
80881
48919
80439
35789
81632
19529
87158
59345
42463
9711
7923
40315
56703
66374
90402
37446
56144
10996
49414
68410
59750
89695
16191
61088
60228
32325
26903
81616
76181
58789
4803
15994
33559
3700
7022
91891
67688
53503
82507
7035
18322
99050
41628
30602
37634
77303
54530
56767
86398
23153
52759
34007
42922
9866
71284
92709
48507
28910
12287
48908
75862
59601
21791
28192
49855
67890
49669
73561
32605
16603
92347
64492
7449
8898
61609
78760
35764
84582
84323
35470
63337
5836
94202
82989
22394
95964
13687
34042
59309
19682
88370
87717
91818
61156
58243
74788
1126
54106
4599
75878
94035
58555
83626
35163
55188
53894
84785
73891
73310
27693
91608
38571
4892
85882
5109
10964
90989
55929
23402
13142
67466
80412
57882
28352
7487
3085
88077
33377
44137
68214
24103
26300
77647
57159
30009
86459
61586
6052
63521
39672
48468
74408
8093
25243
35867
80280
60450
26607
92529
35029
6671
49647
40762
69475
57661
96239
81328
64651
38203
90168
59613
66009
68720
21112
34270
62958
34420
95688
89487
32933
83557
83154
41288
9573
20475
82149
38969
31220
14420
74038
5891
58917
82214
73256
40960
30889
79109
55488
15735
60159
58767
63059
98828
33273
36050
40457
25956
29412
32238
45801
4888
51243
98150
86792
62472
94837
32963
49257
51081
30272
27028
19235
82741
40222
47379
71794
71597
99853
45037
66329
24394
84446
79204
82441
23595
58812
50251
98288
50804
24695
21535
78979
59655
87745
10719
95887
21873
9115
79216
48699
18349
31358
1287
4077
2171
55926
74061
34520
41259
33324
46064
8072
63332
21723
59514
20887
30033
91628
98555
96347
73139
53645
86974
82380
13808
25616
36381
22672
72040
77761
46623
59173
28427
30858
76182
23359
34921
71791
17933
31328
17006
29464
66854
26708
59262
66948
74644
74198
57085
83379
43146
36911
51588
73292
12975
31583
2255
78135
22682
48349
62191
15257
91077
38566
73603
3950
20889
11152
68886
5938
67879
1343
14669
63736
99024
6639
91845
7297
83192
20771
43673
21971
7828
96422
24695
3054
633
40358
4492
94004
50699
47965
44942
8822
62873
90415
79100
48566
78266
39021
37161
54143
13041
28957
63835
3850
5453
89792
62769
84400
6494
10238
34942
59730
60892
52878
63088
1117
3743
30161
61359
89454
89676
62081
93111
40515
92774
53550
66760
53060
8071
6611
30422
13726
21505
98659
33771
10225
73015
98282
4965
64002
20878
6995
77882
74046
40955
93974
84858
42124
94190
47857
73256
19980
24876
65863
15229
64677
97938
74295
73966
14482
38547
14408
28950
93490
91677
68641
16764
98712
21511
25553
22056
277
48445
54400
88101
66508
62542
94191
90885
68547
38677
80110
97907
26591
54344
23849
15626
15004
5004
46096
12481
57347
89586
33348
68881
16038
23052
64950
66296
25260
14569
3914
43631
69443
86223
7897
49922
60890
37571
44698
4654
92239
49993
24849
50501
62432
40938
30810
55563
12947
68757
45968
3712
44902
94309
86628
36032
82462
96037
28010
2849
19763
83695
77651
56611
45732
98311
25809
24937
601
47841
20467
50882
83095
49418
16530
66715
7437
30864
10069
19182
40621
49053
26304
48144
39416
17573
90585
72897
23514
67970
43125
52084
4730
40857
55307
24244
38466
66598
78805
64352
51453
86565
28520
17031
73680
2887
96492
97446
41112
36423
83918
82158
34276
2254
61317
62817
88182
1786
75369
4951
42582
62175
53233
37403
45368
69393
67034
56872
60384
15157
8072
4500
39738
265
47739
44503
6926
14673
38208
51270
548
89392
36428
57872
93825
36884
61045
88515
21200
46773
1056
2898
91870
93832
13851
642
68200
74453
63298
89451
86582
31666
29652
27829
69842
98366
54575
83020
11310
95791
40300
40859
9704
71881
45996
59962
17170
60521
73902
90289
1736
48197
30077
84762
80727
62255
85669
22097
13371
33571
39334
43980
16691
5777
15166
66177
10245
21045
11656
2334
11361
15983
83531
73856
16924
84636
18937
43319
30322
14750
72766
39560
73876
78996
93167
22459
74001
53967
36880
79598
66110
28146
61029
3715
28311
2656
21426
30943
70709
22235
85644
50684
81682
76350
26544
7936
73263
28685
49283
3345
84721
84968
39369
64521
55543
59995
40309
54979
2098
11675
96054
47642
56114
86032
55710
89073
65331
32527
35486
80038
60708
58341
63420
26042
38185
69869
59507
73788
18740
98063
20944
42468
43577
41094
56437
10067
30940
93471
40968
38846
43852
8827
91549
88349
30492
63449
24279
14869
80884
8470
10258
41677
74512
94583
19606
9711
62386
97386
53569
7318
51111
24678
17826
50149
26039
71886
98453
16218
87674
33369
76852
73003
93926
37345
65820
82825
12466
8900
44032
98436
96062
35325
96987
89800
16999
20978
10075
28204
55568
57824
74706
86249
74484
15213
26376
17767
41185
6076
5365
1936
48918
52792
56228
37056
68866
68233
20423
24898
48587
18290
82232
25090
96241
25454
7558
15917
7490
8039
31737
58497
34372
81303
81768
83147
30421
17019
58827
50842
11302
92689
69970
65808
75777
76343
89041
38262
96318
77471
58323
33931
87260
85834
91143
46818
47178
58207
89580
33504
48032
83715
3489
3564
32151
52906
25115
42816
16543
85346
85279
91495
62443
96354
52457
7552
37252
35446
57166
46850
36454
40717
9751
96663
6766
65743
54731
32112
64796
83659
35279
62963
82997
24279
84136
40946
56188
48415
7014
58808
17827
55489
4176
57338
63940
20387
97231
86327
57873
89265
55500
72010
26674
41086
83508
17515
99375
6156
27400
65479
48441
50346
48071
71476
16305
85639
78655
43710
75294
7393
79771
46612
7164
25027
37794
86082
13301
36755
47965
24620
27552
96198
33143
97865
71854
17025
19244
40786
429
94803
6509
36925
45888
52172
73017
23773
17860
1940
70944
37529
84615
17056
83523
59369
30380
55513
95999
51838
24819
74161
7192
43007
54196
15454
27574
98705
93866
86666
97494
53898
44737
90331
71935
47386
6142
28241
66734
80617
96767
37274
68355
47512
36196
67894
43492
70260
43473
99977
40591
6829
94611
87793
69842
34822
68378
60828
41479
3192
60684
55317
53387
28455
50437
59830
630
34983
31284
51707
44371
88559
42786
37461
42215
24679
27053
1087
85672
34412
39537
98601
40759
4389
32292
1476
71263
52093
54375
28444
44056
93901
73937
59275
75297
33128
60042
19426
94678
4944
88736
42830
9191
84558
41380
9082
1320
5883
14359
23978
16470
33733
74468
44056
24191
75013
84937
67415
23117
89817
92744
25750
87600
76174
56119
79714
33365
58327
43668
78963
14183
30434
40048
97813
42597
84617
75557
79873
52550
5786
24870
96429
82608
63614
2639
34405
53971
80727
19375
61143
54414
73389
35435
3423
15913
78242
5001
5504
44361
94045
63884
29701
92119
86515
77026
14077
39457
50411
2401
94911
93853
32244
92821
45888
62756
95164
51126
56799
30910
81483
36499
86480
39485
21024
37755
17547
92164
43281
75923
97482
16070
83941
17029
88937
6998
73105
66063
30537
72022
8559
28672
67898
15673
87552
67549
26651
36268
43882
78748
43274
49059
65909
37265
44074
97131
92385
11182
77529
44520
76945
65509
69955
23268
91558
77081
14672
36786
31286
78226
26632
64562
43287
10276
86760
91607
72444
4391
55919
39457
80927
74956
86473
32938
29441
35569
92926
75833
70861
91269
33038
51562
58911
84048
27890
65789
44594
82604
88292
84155
2861
43215
33165
26524
78358
54340
98608
25770
1449
78750
66579
68037
57711
67256
26137
73750
79027
52150
31933
80986
7208
7319
16411
35078
55833
17864
41376
26155
92262
45215
21877
33506
84284
74504
58931
2985
67371
93732
71351
20994
9176
59905
56694
22374
36368
6395
69255
35572
2562
10894
89121
68368
74857
638
94569
75165
52021
22962
63931
78640
38690
86113
13197
38225
82775
23341
36160
12973
37079
81583
47236
91994
7572
10356
42204
97412
90214
12904
58739
8331
1415
60016
40253
46600
73485
1154
37011
97095
97994
17563
18425
58158
57985
4899
9885
75786
33523
2000
25899
83102
60221
34773
84459
4487
3403
42228
67722
17608
42545
83801
40808
89962
92254
67597
80258
90426
15055
98515
72903
16153
67689
28065
81254
55320
64605
52196
91750
41042
53998
94843
58422
30794
3584
20077
59554
80198
50510
11806
63136
55725
29557
32267
43758
44537
79056
84480
6478
66433
69911
72731
17736
90178
66015
55952
74361
26368
94229
99390
56139
23815
53145
44475
67288
27743
965
24133
60019
52408
41837
44565
92779
98349
5452
50789
30662
99818
32236
27319
17638
31452
65121
35972
53952
79396
74087
66769
33415
70233
95874
71839
16417
71812
91532
72684
41696
71614
56444
41129
63652
63159
49463
49620
54187
23423
33192
68652
18712
44573
15363
43177
78500
11874
34071
89398
38621
4622
79863
20547
65307
71464
28842
15383
1431
57103
76716
48130
95989
21184
41688
30065
19743
15141
38626
85596
32928
37765
6162
97448
4159
12989
26301
25758
59641
19603
34497
42246
69275
79629
48092
68328
290
68755
41081
64406
88418
69391
78359
44675
90502
41646
11874
97185
62505
4369
75246
70467
53469
78955
59699
18533
83812
38350
39065
45587
1653
8683
83616
90617
52281
56981
36708
65226
56401
38653
76614
44292
196
6939
93929
5243
88942
4302
25944
46222
4734
70922
51560
73642
54052
76380
55447
10297
60007
18064
61955
38835
54122
23808
75706
40409
61090
3221
86835
71965
22950
94721
78457
75155
36726
97851
90999
54319
40753
9737
90540
96931
86698
62081
32538
18380
16112
41338
15651
31906
57730
84969
95264
27527
72684
81858
19334
56070
49078
71218
75389
39336
19413
33138
84194
65153
88671
74412
83521
30671
31673
28664
43609
92309
56532
66967
82913
66638
77690
79407
40055
10504
79729
96569
52031
74833
94230
37820
47057
43013
19911
4450
99938
27110
99988
93457
75622
20592
37665
38780
21363
24105
46109
32613
34317
60815
35716
42462
93920
53931
2590
11536
68115
10097
82385
77787
48846
71396
90818
14342
41825
46326
19159
7674
83535
44042
11435
75405
17925
64901
85898
69110
44133
60498
1312
91163
2383
11735
96663
52886
12577
59853
28405
32772
70259
63876
68441
48600
72663
76612
73965
9722
66912
76178
41210
9335
64897
67568
92684
13576
73886
31426
56807
27886
84123
25931
17767
96728
54451
40919
40756
63475
46257
58402
82000
63538
1089
28809
63345
29067
46528
51292
67837
57111
30572
10576
59720
58429
99557
90560
30726
49549
96254
780
50420
21822
74197
30845
15313
22630
69117
19520
72268
84906
78042
86241
76799
98001
62975
63391
32024
24368
8900
3168
84769
3044
96957
27094
34059
32062
34141
19620
44519
69821
24091
14603
35860
62725
72146
68985
44859
92554
77935
71813
73002
92258
21599
85115
19913
58817
35425
2834
19018
42064
17510
11588
28970
29294
25220
62337
15502
89614
28984
53294
9160
6787
45158
19450
40249
10837
85593
31187
42902
71969
88354
26172
25510
75649
2107
42428
60582
20112
77234
12549
56687
68949
97297
72439
45276
25402
20329
30624
69933
64334
72018
9046
39982
24489
72197
31652
74128
55255
36654
29669
4173
42575
9116
52717
90609
88460
57122
14730
38068
97609
23339
2636
4677
10006
36384
1082
65333
9856
23721
4624
23260
26223
68555
41935
77477
45873
24309
8734
76015
67465
89954
25780
6688
22810
32761
85878
652
10304
5217
98445
12836
21221
35938
52418
75141
18915
72353
73846
95586
68296
26376
34672
13426
78093
99013
87158
50527
69210
62624
741
57273
6921
15266
86266
60447
12031
57254
725
71104
43208
61977
6235
64372
83777
9702
75007
4056
17461
60926
49720
94471
31032
45324
28635
6310
74396
99346
74126
28547
82258
7028
52330
32093
24739
4835
32625
36076
42645
56854
42489
89534
94403
7576
43580
77698
27497
42107
48327
81806
20504
98276
6701
89795
20872
47007
57796
18127
73489
56955
37300
29750
66368
80563
8238
25601
79132
15044
57087
49095
76437
35313
4365
37176
7433
4668
94836
97662
43074
48326
54063
89431
86039
78398
29200
89122
4911
88502
40650
18558
23637
64730
35063
9493
97510
15669
41231
29810
30093
94855
47026
56354
18534
86458
34229
70943
16285
21869
54912
91994
21319
55665
44791
47041
43740
79864
12014
4800
68974
35790
9184
31261
37699
78908
21201
61382
40942
28174
38537
73712
55310
96201
318
31979
80248
88948
4533
29010
21520
30887
88414
16177
10491
62304
83451
20376
13933
42274
21449
65605
99693
77903
48577
91466
99610
90737
19505
2602
39634
52794
35567
84427
88838
95774
97013
7661
1543
88722
75178
85448
92543
25055
89381
16072
34193
25650
29621
49458
14146
73854
30166
52101
23486
4899
50699
9241
49069
94012
61102
72055
19485
23993
42693
50341
62749
80690
29408
86988
47000
94888
59128
89791
62609
34843
67690
59123
51589
81676
62470
99654
83297
9234
24642
83405
23933
68181
9042
14182
95309
79033
95845
51742
52049
64776
95269
87147
34970
4815
62967
38296
91144
62329
82524
32939
73598
57853
16554
58483
34076
63389
93323
78848
73425
85093
29552
80045
31131
64877
9921
80851
1358
14150
98680
53538
39913
92569
38145
50419
47393
99274
68997
1826
41256
51265
81757
66148
47138
35775
39321
88278
5883
57303
9440
38618
27249
66226
58506
221
36035
59646
99722
14092
66840
32588
53524
74677
53996
11109
58775
18927
45672
71290
72891
15043
40724
38366
20963
50707
13454
75829
80587
8355
58534
60313
8485
36822
20594
87227
27347
65480
77425
71862
51287
66775
34281
88407
73287
72847
85304
67525
90663
48479
96259
4902
18247
98029
58742
59236
37485
69865
10101
16993
29047
96576
95635
19029
64130
46980
98905
25460
89651
81308
88937
1939
79902
93518
41859
15522
68280
80244
95770
45866
19113
48785
577
43480
62434
75191
31257
55333
94429
95372
5801
51408
37862
64581
89122
68887
58330
49529
50442
77027
70947
83118
53518
32331
19080
40824
22847
64428
73536
5666
50032
6089
61929
94716
52223
17774
29482
25084
83396
90689
70266
22808
99513
28489
88856
44228
24697
38004
71161
86813
84227
83205
45374
15283
74803
46387
40510
43914
71676
90057
38192
53925
68501
12364
96601
79289
10624
77972
62934
68851
82316
77662
88445
58096
94107
79461
40075
74983
52255
48634
53030
21166
4652
86965
89929
81089
32126
49246
1742
12405
28526
35048
47936
95617
11253
39524
11971
1928
57625
880
96148
45979
45006
48061
14822
98691
67536
44370
43979
78773
20474
74633
53277
21399
90356
27606
55258
4134
8461
24750
17929
87762
48375
87659
17601
84899
527
81782
8673
64718
98545
2217
54105
71797
69573
11554
89623
78216
11290
88735
31298
2405
10655
70555
87451
82789
94146
53286
28603
68456
61123
37029
76907
62624
87083
10408
96440
74183
33267
28962
52372
83998
4271
28935
98585
69294
87917
25578
96200
77442
47700
57618
37022
33129
54374
65880
92307
91461
16557
2592
24844
32478
14742
83476
13794
92934
65133
42576
4333
34222
32888
43483
98887
69243
76362
96856
23566
61781
74412
75148
97587
57730
19645
73874
75012
29237
84525
89958
12120
67217
36670
20095
55720
22697
24007
30256
9781
21789
44186
26341
43078
69314
20640
27037
96587
31446
29879
59966
64751
15881
81619
15972
85396
75958
3033
45937
53654
37894
93320
49510
43807
28093
75555
59177
64622
13727
60668
88378
68262
78622
62903
59814
81397
72572
16571
93915
22762
72279
78316
78310
15803
86161
70738
31727
5475
9612
33242
15623
28219
42833
57527
86268
82215
83457
45075
10480
83775
15333
54321
65056
16970
25036
58572
66685
1885
83316
48225
71066
40982
88435
38702
64700
82281
6416
57453
29624
98990
68379
58065
15008
30121
74279
16875
46139
78368
9562
48637
82750
71118
1949
25644
36540
28525
85399
87421
44753
48864
88458
44375
32383
46270
43564
75187
50009
11850
90481
55006
72651
91999
65409
1478
60808
42026
78995
33869
37076
40662
93202
73137
64790
17398
11370
3707
11081
61209
38882
58443
2139
31614
18133
47707
92655
25197
72274
91801
48881
83888
70075
57232
46266
65752
30146
6181
12383
20288
39313
7456
34081
62963
66404
15184
59433
13322
81578
34364
78677
29205
46704
9018
81812
62685
60313
50085
86231
29014
83972
20638
40944
11076
28824
68711
35638
51034
18229
54991
36898
95082
64596
77838
68221
4373
1705
29312
90823
24513
18504
68574
73620
52951
36932
19244
51525
93194
57254
92084
95161
1025
71171
54229
15668
65239
33989
66060
54970
59358
43472
66971
99353
46670
93688
89041
35494
37238
52780
45802
89085
17476
25221
62769
92597
55120
30040
84310
5608
93222
5574
6319
90860
46818
58737
75426
73371
25746
33386
33445
93334
49633
21866
74133
33078
11698
5276
3657
17414
44899
93524
85558
48657
58659
2662
17954
39202
38265
37184
61276
93724
94184
16927
96553
41437
72775
2151
42491
27600
97516
55658
80839
95256
31495
12227
77909
61626
74903
51396
5168
66030
15783
30112
6392
74889
68963
9363
57717
75448
23157
32415
85160
40752
57419
10610
93601
1698
76773
11257
75195
90698
72718
98834
44594
22670
73995
82991
82249
33250
83854
84922
32464
70457
29960
47079
7957
65505
13418
65033
16786
52214
33636
61160
26918
4432
3394
11920
82608
34912
97577
14532
25937
96929
8599
73057
63496
16059
99640
68631
47378
9629
47092
97138
12475
66479
99579
90633
45219
78338
92438
25625
41978
87851
94426
5169
30515
37155
62040
86490
25840
13159
23546
8419
72335
74919
90775
66236
20231
30328
37020
19412
91606
91482
6538
70428
28184
22812
24750
88384
19617
21461
65851
28430
10338
63950
57010
65988
59175
33796
3784
46715
18635
61741
85774
93590
40208
26817
51633
3746
24173
47862
15220
2143
30900
77053
99891
77306
5361
17184
72843
65360
47277
50476
62203
71554
45396
12150
49666
12768
90730
45697
38862
77448
53114
6359
15041
2491
57034
13958
42725
6749
92321
52436
61528
61111
7522
8035
36635
47149
94759
1448
82553
97263
65021
82787
28416
97446
6241
54924
17597
65803
87196
75261
73295
1297
44922
78246
29748
14451
69915
93829
80381
3729
14292
12311
67988
39655
28386
88565
25234
54538
35110
24626
60649
71641
55784
65697
71575
51491
36771
60283
22364
15266
56970
81647
32318
72990
38848
39316
22150
17149
28260
80697
69074
7922
38169
71050
10576
70344
1841
69186
8753
67145
45256
93466
46521
89136
43826
66972
52726
83790
12997
14045
25584
68770
88715
40824
78817
12857
23482
68692
36224
28986
60838
62552
50787
52104
31817
24863
69484
53852
85483
27558
13544
86753
57406
57624
63148
9402
5139
87904
98560
99073
83773
50016
92541
74103
78028
82652
67186
89297
62511
17040
36485
5953
58155
88429
56520
18709
33427
76100
56235
37691
50075
94053
16276
95787
51321
77696
98905
58842
90307
11279
86366
41554
61993
13204
65455
98524
72486
21982
78914
75869
39128
80772
41700
72784
76419
69370
26059
87820
1486
29041
66319
46307
67569
46902
19663
36412
38263
31312
45679
20733
64607
49066
25457
68625
3326
99413
73832
27925
67772
55375
49460
19195
54924
41664
1700
88311
46367
73856
47900
92984
46551
99085
72346
56833
4991
52284
11884
15732
38537
24191
30323
48496
20309
87674
88594
65478
83299
85609
90266
12647
43397
77993
21959
26012
65803
35095
84641
90905
49216
58454
65791
83110
66786
33264
6674
31336
16813
31850
50174
60682
40949
1226
91511
39965
92298
84585
53292
86943
29637
56954
51297
80839
30138
67333
93342
37088
95484
10000
67620
55758
16737
77473
78479
35032
57346
75418
71647
32656
30410
90566
70491
73815
97482
2073
35432
62582
14849
8765
32951
77728
11863
69741
97134
4837
33967
36419
35600
89603
39771
27153
29400
75480
43483
96841
12260
19710
93788
93369
83921
41220
42491
83072
9240
84578
13045
52960
68926
63233
1246
45120
58524
99226
42519
87165
73366
60181
91149
91583
57768
60014
66032
2147
63795
45353
38930
35706
41370
32447
50610
12227
5773
33191
1984
23728
67235
29185
35455
56661
43176
25224
84513
72807
40278
36060
67388
34117
96487
62649
49232
35714
6927
86586
47587
93406
89799
57091
50341
720
70523
68172
1969
16460
76001
4348
46408
45198
42756
22051
66746
69489
54968
5958
63660
19547
32982
44294
41184
41564
60962
52590
78725
65592
99212
15316
97083
36596
52885
72158
83013
25231
88785
81530
47964
10504
63080
55417
4315
67374
22915
98304
60189
95818
82652
29026
67782
1099
29637
10005
71175
32752
16672
10562
36533
80934
61996
32335
42506
8918
24944
6424
48123
19857
36055
15687
62716
24398
24470
1626
97708
441
52457
60922
8806
99490
811
72958
61895
96267
90619
87696
98798
35389
50813
48649
58355
63930
85514
19672
52718
21311
85801
30871
67804
34372
9811
81683
85720
28794
8669
5243
61327
6715
41305
48020
11212
84781
141
75914
8020
92324
60304
8377
30481
49313
74705
23815
79240
42788
92785
22425
43998
92617
59535
30746
30138
75922
68883
3086
28273
61375
44361
65068
63463
52997
30937
82121
62918
67288
2769
43586
32269
50587
11055
91051
66028
31887
24427
41727
15547
48084
123
72777
64428
1275
11963
23851
4300
46549
72428
8215
5333
14823
56131
98623
59801
16480
22952
41415
46165
29534
62483
36377
13523
20113
39028
36555
16263
84416
96923
83984
32998
28763
32825
86655
19921
14767
70708
4892
23995
18828
71836
24911
48432
80028
94405
12693
14164
38814
34253
72836
77534
84461
87816
40206
13718
23129
21653
4660
15818
34332
14788
38410
71911
1853
84480
76047
68943
41185
37349
97813
59504
32097
39070
33757
16620
49056
10487
29438
98256
53060
41990
7890
43110
51063
59892
31574
83416
17342
91854
59988
22490
60924
78204
51458
44129
27044
57754
96107
44191
72985
94192
98456
47076
26430
35745
82535
94424
20988
94394
67905
16934
87322
2328
1045
22518
73245
53035
74041
63710
79586
32903
8782
22801
38122
3434
39241
91711
40822
72337
64955
75443
42132
41845
74291
60105
8928
62265
73386
99296
2460
33101
9525
51341
55942
14692
23469
75694
415
569
26437
62576
53717
79228
29783
23647
92237
85227
85868
44565
16009
74452
53717
37023
29658
93164
64987
1811
30355
36594
43763
70387
62799
55631
94842
98018
95042
66489
20841
18301
15665
5148
22857
29259
78074
18596
43550
32320
81030
82640
10590
96095
40202
10650
74332
99756
48897
93030
56507
52635
65006
35833
17799
47958
41684
94081
51340
40520
59457
20424
88855
51131
24628
91621
7266
88230
19819
20712
10968
88546
30497
77729
71671
26855
79495
84285
90890
22164
12459
26239
8006
80842
95898
44098
62787
86044
37313
11043
92362
90869
56874
87529
36383
18707
85089
76595
5071
32490
50026
33056
75435
28104
12824
42031
55227
17367
18710
28585
98392
33891
64750
39679
36733
39932
21511
81398
2424
94273
71826
71101
74081
41273
90281
93031
35382
68796
77079
72381
51811
94334
18333
94184
89567
27163
36876
38720
33875
73544
46177
87027
27202
26626
66072
27317
91854
88389
80177
50572
99910
16032
19093
83436
52688
85318
41349
43630
44617
27210
93177
7989
60597
50242
71244
13821
22422
48745
98217
3086
68373
13607
54096
66446
92845
52460
54049
20233
280
27282
45473
1626
64494
93737
89491
4831
50085
30437
90794
28160
47461
45019
80002
21912
8101
80241
56702
68586
49401
48619
71929
1253
41030
17949
87739
92792
5324
8280
96224
36561
14118
22498
18741
31359
97193
73288
59088
53894
52529
27925
72041
63647
4506
76226
1381
77197
23528
52415
52049
77442
45172
42098
67968
95322
44060
65836
81799
8873
47586
63767
20126
14060
63593
72597
46759
78230
50759
69145
25508
24780
72567
57582
84472
8471
66646
63311
69091
7638
73606
48229
15729
65060
48271
81672
19861
66694
487
23317
49291
55118
59077
86450
67953
41214
97017
12885
9641
88328
60501
47470
35972
24598
23655
36920
58501
68559
4045
92941
91411
11108
28351
5906
99193
12926
81448
34004
16575
34228
10068
8038
62060
41624
31805
10307
85406
3043
8243
62867
84333
61355
80121
86226
61262
41389
31893
22457
61226
16823
25603
56326
5728
57834
61343
54990
34105
18554
14691
68552
22100
83962
55621
35179
15190
9557
1908
5893
87660
32090
76974
56129
58957
85914
86653
85104
41731
1146
99639
86946
21894
71431
49203
69430
87508
76400
50085
16343
18485
39550
25459
18725
28254
26965
47446
39258
82170
2611
46737
34936
58592
31709
85672
29553
33491
81882
82204
4291
34174
39412
14542
86722
22592
38689
40853
60146
54010
85014
43100
78422
22208
44456
5011
51307
64372
94910
69237
75874
55493
50243
7342
41977
71783
98197
14739
405
81070
27460
64259
79855
497
85888
23001
55493
30722
81227
51053
13205
15652
77195
78911
21276
44856
90364
76616
50619
76657
67658
7973
59707
77240
51568
88105
53620
57085
60277
9109
8230
29619
94427
97097
11439
79627
14451
2601
16850
15485
87006
53785
82742
71614
15108
5531
93325
51911
97466
78237
44735
55824
77100
12374
1387
81003
84433
99689
39209
57632
43946
37910
29770
96459
28258
68487
25236
39574
85380
84542
46036
56319
21673
80624
53327
48
20189
68530
73093
38930
94766
67293
18304
68883
76092
54307
58163
41930
85887
29224
83222
60776
2542
26515
40085
90371
92426
74477
35003
60903
17728
55995
85682
59847
64162
43886
64470
72712
35573
10267
56870
68905
39987
43466
68028
64288
74424
4035
70163
83088
88056
68137
25674
4124
63611
34495
9848
37171
27813
22522
96177
64014
56891
48749
34175
61318
44733
7557
66381
78109
88333
33199
716
18622
44215
7915
25244
45050
50437
47287
62143
40639
53225
95740
3356
87935
42532
78424
23825
38575
18644
10681
64935
84961
1322
63230
91523
12482
25411
37088
27958
72302
26843
14640
97196
56057
21772
93596
28435
8765
18803
13332
8376
64933
44316
89043
7474
34505
25085
96564
50382
85228
48460
66621
96912
83183
158
16084
51823
98085
44846
77912
81533
21569
47330
99983
84495
94008
34083
38791
87494
38098
93181
12893
8627
43685
60898
57327
28437
25778
60527
32678
6807
91554
56643
17369
11871
19239
61265
98740
97302
91142
7358
62383
52076
91822
25589
40167
26942
3874
87830
53265
67470
27846
54129
1116
60873
19947
52109
45968
69721
57152
55368
63659
78656
7643
32940
99238
22778
26724
20564
47641
83573
19036
78395
90068
40959
77080
25508
34283
48113
74001
72436
89361
43107
86421
52795
32582
46189
1523
5034
86033
66018
23306
50574
2413
13041
91579
10107
97953
80929
2558
47895
62933
72511
70508
15703
4950
1499
5755
45836
70531
95381
30189
7756
54100
39390
96632
52654
93572
38037
30774
22268
76225
60996
68298
36688
10978
73200
8943
54708
86055
58973
3660
81372
33522
69672
50334
64301
21271
73973
965
2776
58423
76929
20663
78991
26666
68368
33072
6836
66821
71023
11882
93510
32037
65307
86917
78181
3824
92979
68643
7918
90825
90769
20702
53933
91679
93664
34060
62642
22788
3979
92382
80924
30834
1436
88720
72177
51871
39487
59239
38142
95829
39176
40241
24411
29595
32800
32974
42785
42400
46134
42943
52432
10377
62267
23192
80846
69736
67112
46540
44296
32940
58799
22840
88569
36359
91277
64846
60489
87406
57933
71479
60685
15235
88555
93180
68980
32521
30050
61164
40647
83820
88773
97279
89961
28340
31840
3040
37980
30704
96319
12674
17291
22854
8050
18240
81644
4042
12180
9638
99277
36773
78288
43804
31274
29719
27211
32464
46891
97838
15375
99465
6487
60960
63309
10426
39809
83461
60175
86717
50371
77935
36005
82011
47145
87339
22297
81076
86934
5517
55797
742
13383
99053
669
39141
98652
22
40501
79887
78113
80533
86267
29501
81634
89394
42419
40301
20942
37421
51495
65667
49590
66381
32914
54874
77894
5131
72117
72160
13274
34587
78720
48863
50477
67413
53212
44958
91829
95899
27064
77234
89939
35886
87480
85844
41878
67760
3951
40759
57587
57695
43677
63095
6082
54876
71379
81965
28451
72459
76912
88876
69373
62673
29828
99553
59090
87424
99495
77830
81734
50565
50875
84501
10369
56973
15793
12804
71831
56529
97339
84748
85124
32851
81723
66034
56766
1605
4715
78696
30801
90671
58984
34596
74478
55659
68293
98750
99733
51867
32902
27544
53929
43226
35577
69021
99788
20364
69638
43883
68111
25193
49882
59875
16882
31094
42478
35939
73382
71583
2066
87749
65032
50482
46249
70836
18019
67623
16498
6094
63312
24930
56594
15422
77839
16122
82078
47962
55713
95971
31505
27117
26976
17763
97405
15053
81721
50180
20556
62211
56780
23762
41398
888
7730
42811
63079
89360
11105
86822
13478
18045
36401
62641
72850
69368
92224
2890
53856
80676
94218
64836
60457
86037
53101
32602
75478
10776
46004
99933
21893
23232
99365
49604
8182
83366
88202
75032
6120
37396
77490
5809
36379
88221
81303
60477
45245
66924
88369
49251
18442
75638
11988
77602
12229
4478
84682
90997
54420
67144
29967
62254
27473
8129
32202
52511
79540
1713
46855
10199
74737
39727
41985
15949
51029
69726
7431
85223
33428
51122
62305
59775
307
36871
26099
37135
22646
38662
30244
93648
97675
6330
87243
84754
28050
38324
93264
2440
67576
68940
18014
62134
77184
15568
59519
33395
1665
40377
28279
82556
76131
20798
90939
53549
34311
2669
65067
53004
45896
26782
90051
94899
31317
41837
8690
18067
39986
13348
2850
84268
74162
74901
53266
72831
50238
84014
87009
10439
42574
10456
26902
14520
6600
45023
95428
91200
86330
49411
12164
3321
80556
12674
16036
72511
23721
97910
50157
42417
19631
34534
7765
95282
6176
56123
37135
42611
62503
44425
926
6207
78703
32840
26995
12747
63147
47604
20260
33447
63461
62199
33006
42906
36625
27665
55104
69455
87583
79599
60792
75253
7583
9742
77775
62459
22056
92533
36263
43479
2428
65580
29196
19343
56786
42820
76466
14071
1123
9599
67021
54007
49857
65140
53774
95658
24067
49850
88912
79707
35264
32374
84710
12151
38739
28193
9023
61436
56170
40947
78374
45875
28752
72896
72124
29528
77518
67331
78533
14108
6034
17407
42440
3303
57946
56804
37816
33025
12128
41700
26725
18868
32774
57440
87345
28335
75031
51896
91998
80484
22767
44932
32009
59927
93738
92751
65242
53299
52220
99147
93549
17837
41196
57201
40301
69158
7371
21159
49038
87922
29622
81347
794
22536
18263
69600
64659
24928
56886
35069
53485
80292
94161
60612
23239
44977
92526
91225
34319
41064
89128
15601
54066
26066
71244
95062
59135
20407
21085
70624
29942
37701
55548
23528
24446
86694
55568
37146
52168
7291
24911
99299
20015
1436
11622
93349
15320
32882
89387
19135
90247
26155
31911
91421
1017
10677
19404
30328
72885
51363
18152
48265
40436
38786
20181
42377
36937
64879
65240
97824
12627
39393
2257
168
91119
77534
8333
16299
87080
58783
49657
66549
87084
2172
24176
19809
52441
29755
34519
76720
9479
1908
92313
85568
33457
63017
7384
40500
7433
96481
57812
94762
76296
17210
22825
71203
80331
48514
8755
60945
38751
76537
51931
29639
77635
83460
17028
85239
42929
15924
64806
73
30213
77021
71267
2203
48600
25847
97407
64298
92152
35162
64851
11072
97232
45271
31378
67657
57153
19698
78327
18058
68338
93224
2417
25196
71977
17175
73790
92563
98377
25322
1966
61825
87598
23083
53698
84779
79168
82411
84571
26864
49852
43593
40171
84354
67488
28877
4751
13606
6082
75824
4686
26981
53665
67963
40030
89888
67468
33743
6290
27316
99680
30524
50770
45153
51040
64826
2159
5970
3115
3533
88488
93838
81699
84016
15924
83765
12155
68044
98037
55441
76532
25334
7391
34994
95266
56650
57183
41983
23563
90617
22362
76786
57131
2667
36243
92973
95116
71326
43062
64705
88807
98110
87178
64631
8889
5131
17523
59011
97873
40969
93178
77032
22127
65162
23443
84469
75336
84817
99663
9496
53875
2021
71837
65043
64572
2063
45623
18561
6710
49345
10153
7656
46415
23773
13719
69925
20865
54135
80812
62992
95571
98352
10710
18953
5488
61874
11772
47552
93578
60054
64692
75258
18979
91908
40043
25952
43433
32642
21996
67944
45422
35650
5909
14329
96223
57250
19334
8878
51565
54771
70288
73555
84583
23231
17951
45452
37486
17092
93692
98872
81193
35717
73215
80087
97188
22084
23740
37631
99214
43879
85907
37638
44025
88222
3193
68750
8763
23043
49372
3032
21020
89247
34270
77512
71636
62819
36462
35543
610
89841
31256
80028
75963
90445
53020
4373
84827
42781
37154
32503
73441
24854
5668
27301
71692
84877
52973
50323
79845
71498
47446
73042
29178
96385
84123
34081
60472
72316
22412
82839
94883
90858
50438
40850
61857
47057
45850
52738
55093
45174
19359
78082
81898
41718
56778
96871
53603
90046
58326
9068
41015
46040
18529
32467
46882
25415
17293
45320
72966
1758
7718
55687
48808
32326
53353
73872
66421
61157
11371
9063
55085
32245
34662
25192
24693
63942
29207
41310
71553
93036
36108
59849
67599
96861
74013
37123
88062
96067
53453
82624
9036
17363
74390
20540
71466
4737
47639
54405
53223
39845
78424
62833
12042
83362
17404
66920
15289
86628
35979
2500
23788
48094
20365
55402
39687
51522
6260
85480
26841
89140
48117
83996
4365
17974
9511
87955
59321
85263
91229
63032
21384
67579
61860
21767
57293
56418
58755
50794
17063
70904
19402
23959
24889
12428
11932
83928
55109
22013
44643
78940
36796
31251
41335
58505
90213
72134
64091
90010
38742
52784
4192
42378
32997
39532
51634
66935
87841
76970
68470
6520
90519
44741
32688
72753
64571
29144
64898
59416
70159
39125
48211
47172
24603
73224
26914
49253
78192
81594
69550
34031
47329
27278
80513
20857
56131
67278
85886
4443
70781
50176
28551
55536
4930
38628
24088
63284
51738
49714
40145
96114
22327
50105
11837
37879
13502
86005
88261
83126
89844
89472
35543
14791
34946
24278
193
40825
13951
32159
53992
31194
75673
49241
19109
35246
90936
43651
51452
4356
48612
91585
84373
652
58712
20226
35694
7319
49404
85140
90693
39661
7479
19514
90696
85073
95256
83401
17537
98080
14909
6147
64195
20382
85240
73562
32207
33650
77499
21218
33339
90917
46415
73656
10411
40796
85583
27388
19388
91341
59105
31875
8746
64799
88893
17712
46796
62768
53052
39482
55209
51610
18163
63927
77102
61516
69919
63814
5345
56273
28535
94948
97284
44481
27896
34047
97934
23904
38336
54297
13389
95875
62200
9616
98185
67557
35610
84069
59777
65179
48795
17967
67326
94141
89731
80896
68996
53894
13394
93925
78847
61011
20974
99477
54384
74848
68463
94473
84266
49425
68220
8395
11882
30782
75327
47317
73886
62457
37504
75875
43915
64419
85902
37714
78253
84636
43829
50728
43046
64389
79256
25137
66730
30019
56967
21405
21633
49142
4603
13980
62925
67671
63336
62920
22554
10795
92356
43167
14920
36014
96875
70570
68524
23994
60143
25746
87418
36338
69055
80914
78554
82557
21064
3454
75336
4133
72734
70518
55358
94142
30480
59994
29853
27470
39895
5122
99204
99400
27967
84529
51688
61625
10259
96548
61350
14306
18614
6895
28766
98383
82758
50199
92715
24184
74877
75658
53663
24272
77697
24012
97075
65378
67607
33766
16636
31720
49875
79450
37280
95130
4077
14374
76769
90805
79822
81636
48809
97563
94587
80256
91711
97871
17081
54729
80935
90126
11883
98409
60721
81615
76345
7532
55805
30613
41561
95229
48478
47027
6784
67234
56437
55729
59392
61260
49199
85931
87674
11987
16590
26195
35845
10124
90481
18665
65801
95857
36961
42303
27645
80943
68715
93879
14175
25266
61003
81708
49199
96193
74286
70906
64235
19603
91884
57270
6385
57098
23502
24690
25957
56183
7571
37912
62753
26466
78623
95028
76600
59634
14649
97958
96900
42888
76084
26546
13909
25117
75940
80182
6356
84295
31047
26627
92381
27570
95907
64216
39367
2115
12890
12043
24309
71144
64663
47606
14231
13096
12117
97487
16089
21220
99590
73600
59495
21846
57683
40112
53765
39776
95469
37789
73774
68279
50645
94470
93776
26010
20360
98111
96211
68467
18545
27003
79506
98832
80246
6578
32111
78761
99862
7059
24998
66063
32605
76179
51562
444
88073
90081
43732
95583
66331
66470
43899
1304
58540
84850
69931
99225
25223
50479
21358
13074
30064
63756
34812
68172
60008
96524
33234
59923
20067
46439
20532
31863
29093
73177
88168
24635
17177
47308
54270
10679
89218
17762
3081
51407
49948
78558
55017
37320
97484
10057
84967
62160
54997
4105
42615
64599
25731
20082
81647
5043
3473
48397
80927
50869
82073
51177
27146
65643
74809
14310
86612
8505
6640
14812
72414
27871
44101
70906
71103
3806
47860
7464
53039
58121
93001
26976
30134
67664
1731
42942
10070
63329
31602
89443
78646
45423
39365
90991
90130
72693
1377
7077
59937
66338
2518
83055
1727
38487
76910
45494
53535
29508
2304
14232
47806
20110
34797
17483
10866
30572
71536
30074
99100
38758
75329
49073
27036
1332
28245
9019
18072
57241
59160
28794
59728
55469
71384
33045
15780
74506
42511
59555
40683
99567
21673
36436
53047
48983
26196
10780
37968
50374
73690
85577
28201
89083
28361
50407
15138
75605
40026
6604
67099
73950
15115
28491
47106
79275
41663
49126
94978
78089
41154
97259
58058
73321
15295
2770
15642
22014
5489
80817
11413
56251
35926
82465
69685
58362
35183
3629
8016
82794
15616
94456
88607
63100
84221
50745
19754
97162
75630
46839
67186
91254
61742
14324
13042
85114
1492
92364
57478
45736
90405
95977
10889
45391
41520
15451
37930
30505
79449
97379
79605
44771
40567
31991
84169
90518
26600
29088
20776
9633
331
10868
63379
24519
37683
46929
71852
77113
31613
422
4464
83281
19371
28397
77574
51897
57989
41777
51281
29098
71123
1112
1291
63007
90224
43577
48431
46182
54016
13873
83864
73458
63538
55145
52078
63226
69750
23597
78519
59051
3457
45003
60054
97677
3336
10238
8235
828
29425
40340
93256
96502
65403
20334
62614
72160
19663
66176
64377
38352
94855
68374
28820
43228
60306
33892
88068
64820
61216
85502
86618
9668
2544
24699
42284
78502
39387
97328
38030
22602
980
66281
64537
18777
19399
14147
19903
53313
24990
58231
39504
55787
80467
56163
61692
77306
24015
95551
54298
47148
86771
85638
7672
18877
89405
18112
76283
38362
46156
58105
27645
37601
2356
48467
87862
8171
78619
43283
91631
21485
32702
58896
69974
26809
67250
64332
92894
96298
43697
44223
41730
18480
10371
90883
52497
8895
42164
76922
50610
73527
30670
13176
29468
95066
21411
74620
25608
48824
45253
41869
42770
83776
36647
39215
91099
6582
46285
81205
282
99373
96363
1830
71064
41515
31245
96932
45507
87885
81480
23487
66546
30496
17306
61621
70198
33669
92194
20960
78579
27007
38900
2869
30446
94389
44315
7719
92336
44475
28184
92371
24879
60837
97533
35513
81610
61053
99003
93404
12681
37861
27071
17217
34090
98392
63536
26390
13504
58628
98163
298
57200
83413
29111
34191
56059
29438
88392
53776
86820
59989
25213
16534
36218
55387
19771
38741
4923
32582
85217
3985
78959
88146
37527
77796
34885
71402
33360
53972
39377
11192
39229
61916
33866
1543
4240
8167
134
24923
17556
64018
82296
43540
80448
82387
8910
61288
64325
24558
13334
1112
4420
59014
26343
70882
34527
88114
23808
53091
1373
57336
32547
3689
751
43887
61090
88839
55347
82472
67773
66577
327
37779
11181
28745
36912
21989
61982
29600
71864
40761
37522
49805
25423
40594
33955
22383
39912
57292
79649
50186
53434
80709
38101
7628
10403
88971
96085
27227
48440
34359
76254
77790
17693
45474
48411
20491
26775
58923
82884
15197
82616
40203
75219
87005
66187
52655
34205
51874
39482
89635
77889
97616
89399
93259
70397
35188
6064
91958
44716
59361
860
93670
314
31873
36856
94423
83078
30234
18514
42654
41469
85482
40584
99284
76742
2732
71007
61238
35413
89289
31186
95801
38634
14073
50855
80848
12537
90327
11881
72741
80715
64078
37236
82604
14433
10755
92221
6270
74824
64035
27868
95250
92828
34656
66251
80831
85153
72237
55904
44536
66158
11889
90278
6057
26446
73185
32457
72036
17635
64042
8870
8514
49308
43139
60509
31723
80561
82009
81370
66040
81696
62320
83699
65194
33924
52119
61498
19140
25307
64235
30908
69731
64170
43612
5517
20177
58172
31114
93548
95879
15373
3456
58547
25945
68468
48877
96959
66609
21899
14100
99808
30916
98211
52695
7263
57074
34095
21752
12694
27033
20389
52145
16272
37627
40983
6679
76497
99539
86021
40884
64423
54043
3372
32721
11021
71863
58137
10843
57370
19418
67565
79784
97405
21837
29941
87198
66312
1086
69298
15837
60483
59948
51094
12685
401
25243
57037
83718
29046
59782
46685
37505
50890
35133
60535
11366
96534
25784
96838
56207
98284
72684
5802
58541
65721
34157
19874
91912
85101
83605
23524
63342
97550
21194
59160
4016
97902
34416
1183
51073
66531
36868
67441
40867
13238
21624
30265
72417
19754
82202
81023
76115
43279
90623
44961
55115
41111
11897
79173
33959
60634
48961
5570
27777
12928
99838
1094
91894
62098
95508
75696
46368
44301
70881
59524
16954
32446
62124
81831
40072
43799
1973
91890
88654
4369
73177
92125
50445
10190
2775
38545
53822
15891
49281
7505
79201
64838
45384
17456
92252
25665
51889
34012
12834
41634
74115
26574
47758
58692
87303
25199
90513
85823
36305
68180
4066
49891
49102
69147
28889
40755
66591
26936
44872
160
21868
7504
93432
5712
47913
51582
94555
45956
41716
30044
30651
28421
88281
16793
87932
7691
21689
65415
31195
60829
67045
82512
87781
60606
57537
74623
37708
99311
16607
51201
6132
28994
22486
28392
45140
88071
78833
18538
2795
10817
63938
40734
52332
25850
34673
7358
22124
42111
76995
96598
36966
49276
92862
27947
13397
56020
65089
73750
79741
74639
16058
20672
84027
20591
70670
4872
47988
31368
61370
7798
28553
72903
85908
51590
85603
51944
85632
85438
30808
75396
74939
14207
52482
80197
88232
87926
94370
40482
51407
64495
78869
7907
64606
39689
95272
58062
44247
18118
81080
53340
3026
30269
6923
39510
90031
73111
65007
3236
10242
37517
66311
52731
14404
918
24893
14885
94793
51088
71668
13567
53239
23847
40303
94536
54139
65114
82394
82053
49225
58600
8759
73775
4749
68720
48081
26383
70380
69429
87629
47197
96456
4859
26928
99052
38792
62884
67805
2572
31955
72393
89785
44111
95542
22816
10687
97670
76863
83399
1121
86048
59255
167
29627
78622
38437
69773
60873
78507
11269
92769
37961
80544
23291
70824
48060
26612
35423
23410
31210
66557
13534
2567
8021
93715
91722
50862
16404
66417
75570
25978
80825
87127
23936
77117
3143
39332
38261
7923
79311
22024
61864
2516
47510
3259
19123
98801
18253
5046
23897
87251
53289
535
38703
18588
83376
62985
10354
21694
69594
83546
95366
40837
94324
48692
53615
78718
58425
19138
48144
49295
83898
33510
64459
74909
14614
2059
50406
62896
79113
93869
61363
76638
81215
19877
5090
93625
98992
32881
1336
94104
6027
33732
36746
42169
71921
99710
92593
98426
10301
63163
65544
35294
82999
10276
24746
30982
52685
61748
17302
31278
61650
4775
29278
66749
78148
47897
53539
27253
40852
29140
53315
68742
88347
12572
66550
13623
37137
94833
21391
78679
35854
75643
69504
18698
89809
54685
72504
19644
28177
71354
91253
94359
65338
14411
74091
75535
13916
48902
90810
79917
95445
58614
61171
40494
56563
44277
21559
39939
35081
90224
77135
17577
30676
86968
72246
20159
57225
1003
77548
79084
50355
17568
62108
41198
72663
7129
16588
73900
37961
81541
46748
71888
35781
68057
6023
59722
20979
77046
88529
90128
14304
97401
85875
81483
28354
79360
64988
64544
76515
75292
6325
73384
79596
26741
1873
74766
200
72418
45331
50616
57337
69960
69651
75029
39804
10564
77241
1421
71240
77008
59302
21927
99960
2725
78332
47884
37747
46886
88208
1751
60175
90947
71511
15803
51962
82273
13442
39152
90584